22 1245
22 12456
06 1246
22 1245
22 12456
07 1234567
08 1234567
10 1234567
09 67
09 67
9 67
9 1234567
10 246
9 1234567
8 23456
9 1234567
10 1234567
9 1234567
10 1234567
8 23456
12 1357
9 1234567
8 1234567
9 1234567
9 1234567
9 1234567
9 1234567
8 1234567
9 1234567
9 1234567
9 1234567
9 1234567
9 1234567
9 1234567
9 2356
9 2356
12 367
10 7
10 123456
8 1234567
9 1234567
9 1234567
10 7
10 123456
9 1234567
9 1234567
10 7
10 123456
8 1234567
10 7
10 123456
9 1234567
8 1234567
10 1234567
9 1234567
8 12367
9 4
9 5
9 1234567
8 12367
9 4
9 5
8 1234567
12 1234567
12 1234567
12 1234567
12 1234567
12 1234567
10 1234567
8 6
8 123457
10 1234567
10 136
10 2457
9 1234567
9 1257
10 3457
8 1234567
10 1234567
10 1234567
8 6
8 123457
10 1234567
8 1234567
9 1234567
10 1234567
10 3457
9 1257
9 1234567
10 3457
10 136
10 2457
8 6
8 123457
10 136
10 2457
10 1234567
12 246
12 246
10 1234567
9 12345
9 67
9 12345
9 67
10 1234567
10 1234567
9 1234567
9 1234567
9 1234567
9 1234567
9 123567
10 1234567
10 1234567
9 123567
10 1234567
9 1234567
10 134567
9 1
10 234567
9 124
9 357
9 1
10 234567
10 134567
9 1234567
9 124
9 357
9 1
10 234567
10 134567
9 1234567
9 12356
9 57
9 1234567
10 256
10 17
9 1234567
9 1234567
9 12356
9 1234567
10 256
10 17
11 7
11 12
9 6
9 357
9 124
10 1234567
10 167
10 7
10 13467
10 17
11 7
11 12
10 1234567
9 357
9 1246
11 1234567
10 1234567
11 1234567
10 1234567
11 7
11 12
10 1234567
11 1234567
9 357
9 1246
9 6
9 357
9 124
11 1234567
11 7
11 12
11 1234567
10 1234567
10 7
10 17
10 167
10 7
10 13467
10 17
11 17
10 6
10 6
11 17
11 1346
10 1234567
11 12367
11 1234567
11 12367
11 1346
11 1346
10 1234567
10 1234567
11 123457
12 6
10 127
10 1234567
10 127
10 1234567
11 123457
12 6
10 1234567
10 1234567
10 1234567
11 1357
10 1234567
10 1234567
9 1236
9 1234567
9 3
9 2
9 567
11 1234567
10 1234567
11 1234567
11 1234567
9 1236
9 2
9 567
9 1236
9 1234567
9 3
9 2
9 567
11 6
11 134567
9 7
9 246
10 1234567
10 7
10 235
10 4
11 16
10 134
10 1234567
11 6
11 134567
10 1234567
11 6
10 1234567
10 134
9 7
9 246
10 1234567
10 7
10 235
10 4
10 134
10 1234567
10 15
10 1234567
10 15
10 1234567
10 457
10 457
10 457
10 1356
11 7
11 1236
11 7
11 1236
12 1234567
10 1356
12 1234567
12 1234567
10 1356
11 7
11 1236
12 247
12 15
10 7
11 127
11 36
12 247
12 15
10 7
11 127
11 36
10 246
11 7
12 12
12 7
11 1234567
11 1234567
10 246
10 1357
12 7
10 246
10 1357
11 1234567
12 12
12 7
10 246
10 1357
10 1234567
12 12
12 7
11 1234567
11 1234567
11 1234567
11 7
12 13
12 7
12 23457
12 1234567
12 23457
12 1234567
12 1234567
12 1234567
11 123467
13 1234567
12 234567
12 46
12 25
12 234567
12 234567
11 123467
13 1234567
11 1234567
13 4
13 4
11 12467
11 12467
11 12467
11 1234567
12 1234567
11 1234567
11 1234567
11 1234567
12 12567
11 1234567
12 1234567
12 1234567
11 26
11 7
12 1234567
12 12567
11 1234567
12 12567
11 1234567
12 1234567
11 1234567
11 1234567
11 1234567
12 1234567
12 1234567
12 1234567
11 1234567
12 1234567
11 1234567
11 1234567
11 1234567
12 1234567
11 1234567
11 1234567
12 1234567
12 1234567
11 1234567
11 1234567
11 23467
12 27
13 4
13 16
12 247
13 1234567
11 13
11 13
13 1234567
13 1234567
12 27
13 4
13 16
12 247
13 1234567
12 1234567
12 1234567
11 1234567
11 1234567
11 57
11 1234567
11 57
12 7
12 2357
12 146
11 1234567
13 1234567
12 1234567
11 1234567
13 1234567
12 2357
12 146
12 2357
12 146
12 1234567
12 1234567
11 1234567
11 1234567
11 57
12 7
12 67
12 1234567
11 1
11 1234567
11 1234567
11 1
15 246
15 246
12 1234567
12 1234567
12 1234567
12 367
12 12567
12 1234567
12 2457
12 1234567
12 2457
12 12567
13 57
13 23567
13 246
13 2457
12 1234567
12 1234567
12 1234567
13 246
13 2457
12 1234567
13 57
13 23567
15 1357
12 37
13 12456
12 1234567
12 37
13 12456
13 123567
15 1234567
13 123567
14 1234567
14 14
14 1234567
14 1234567
14 14
13 1234567
13 1234567
12 1234567
12 1234567
12 357
13 1234567
12 135
12 24567
12 123567
12 1234567
12 357
12 1234567
12 357
13 1234567
12 135
12 24567
12 123567
12 1234567
13 7
13 123456
13 7
13 4
12 1357
12 1357
13 4
13 4
12 1357
13 7
13 123456
13 7
12 123567
13 4
13 1357
13 123457
13 157
13 1234567
13 157
13 1234567
13 1234567
13 1457
13 236
14 1234567
13 1234567
12 246
12 246
13 1234567
14 1234567
13 1457
13 236
14 1234567
13 1234567
12 246
13 1457
13 236
12 123567
13 4
13 157
13 1234567
13 1234567
13 1246
14 13
14 5
14 267
13 7
13 7
13 1246
13 1246
14 13
14 5
14 267
12 7
12 12346
13 1234567
13 1234567
12 7
12 12346
12 1234567
12 1234567
13 123457
13 1234567
12 1234567
12 1234567
12 1234567
13 123457
13 67
14 1234567
13 67
13 67
14 1234567
14 167
13 123567
14 167
13 12567
14 167
13 12567
13 123567
17 23456
17 23456
14 1234567
13 12467
14 1234567
13 1234567
13 234567
14 1234567
13 12467
13 57
14 247
14 247
14 2567
13 57
14 12357
14 1234567
14 1234567
14 1234567
14 12357
14 1234567
14 1234567
14 1234567
14 1234567
14 12357
14 1234567
14 12357
14 1234567
19 1234567
14 1
13 4
14 1
13 4
17 17
17 17
15 1234567
14 1367
14 13
14 67
13 167
14 1234567
14 1367
14 1234567
13 167
15 1234567
14 1367
14 13
14 67
13 167
14 1234567
13 123567
14 457
14 1234567
14 47
13 5
15 1234567
14 7
14 12456
15 1234567
14 12567
15 1234567
14 1234567
14 1234567
14 1234567
13 1234567
14 1234567
13 1234567
15 1234567
14 1234567
14 1234567
15 1234567
14 1234567
14 1234567
14 1234567
15 1234567
14 1234567
14 1234567
14 1234567
14 1234567
15 1234567
15 1234567
14 12567
14 47
13 123567
14 457
14 1234567
14 47
15 1234567
13 1234567
13 1234567
15 1234567
13 1234567
15 1234567
15 246
15 1234567
15 246
15 1234567
13 124567
13 3567
14 247
14 12356
14 1234567
15 13457
14 7
14 1234567
15 13457
14 1234567
14 1234567
14 12356
13 124567
13 3567
14 247
14 12356
16 1234567
16 1234567
15 247
15 27
14 1
14 234567
15 1234567
15 27
15 27
14 1
14 234567
15 1234567
14 1
14 234567
15 1234567
14 1234567
15 1234567
14 1234567
15 1234567
17 246
17 246
16 1234567
14 1234567
16 1234567
14 1234567
17 123457
16 2467
13 123567
14 123567
16 1234567
14 1234567
16 2467
15 1357
16 2467
13 123567
14 123567
16 1234567
14 1234567
16 1234567
16 1234567
15 1234567
15 26
16 1234567
14 136
15 137
16 246
16 1234567
14 136
15 137
16 246
15 26
18 246
16 1234567
16 147
17 235
17 6
15 7
16 123457
15 25
16 1234567
16 12467
16 123457
15 25
16 147
17 235
17 6
15 7
16 123457
15 1234567
16 1234567
15 7
15 1234567
16 123457
14 6
15 7
15 1234567
15 2357
14 6
16 123457
15 1234567
18 1357
15 57
16 123456
16 7
16 567
16 14567
15 1234567
15 1234567
16 14567
16 14567
15 57
15 57
16 123456
16 7
16 567
18 1234567
18 1234567
18 1234567
14 1234567
14 1234567
14 123457
14 123457
15 2
16 1234567
16 1234567
15 2
15 2
16 1234567
16 1234567
17 1234567
17 1234567
16 1234567
17 1234567
16 1234567
17 1234567
16 1357
16 1246
16 7
15 124567
16 47
16 1357
16 1246
14 1234567
16 7
15 26
15 13457
14 1234567
16 1357
16 1246
16 7
15 26
15 13457
15 124567
16 47
18 1234567
18 1234567
18 1234567
17 1234567
15 1234567
15 1234567
17 246
17 1357
18 1234567
20 37
16 16
15 2347
16 156
17 1234567
17 1234567
17 1234567
16 16
15 2347
16 156
17 234567
16 1234567
16 1234567
17 234567
17 23457
17 13
17 23567
16 1234567
17 1234567
17 234567
17 23567
17 23457
17 13
17 23567
17 234567
17 23567
16 1234567
17 1234567
17 23457
17 13
16 1234567
16 1234567
16 1234567
17 147
17 147
19 1234567
17 6
17 6
20 1234567
20 1234567
15 1234567
15 1234567
15 1234567
15 1234567
20 1234567
20 1234567
16 1234567
16 1234567
16 1234567
16 1234567
17 23457
17 23457
16 123457
16 1234567
16 123457
16 1234567
16 1234567
16 1234567
16 1234567
16 1234567
17 2347
18 1
18 56
16 1234567
16 26
16 357
17 4
18 56
18 1234567
16 3
18 56
18 1234567
16 26
16 357
17 4
16 26
16 357
17 4
17 2347
18 1
18 56
16 1234567
17 47
16 123467
17 47
17 47
16 123467
19 1234567
18 27
18 156
18 27
18 156
18 27
18 156
19 1234567
19 1234567
17 1234567
17 257
17 246
18 1234567
18 1234567
17 1234567
17 1234567
17 257
17 246
18 1234567
18 1234567
17 2347
17 6
18 567
17 4567
16 67
16 146
17 27
17 1234567
17 6
16 67
18 567
17 4567
16 146
17 27
18 567
17 1234567
17 4567
18 1234567
17 2347
17 7
19 1234567
17 7
17 7
18 27
18 1234567
17 5
18 27
18 1234567
17 5
18 1234567
21 7
17 1234567
17 1234567
20 1357
20 246
20 1357
20 246
20 1357
20 246
20 1357
20 1357
17 1234567
17 167
17 45
17 167
17 45
17 1234567
20 1234567
20 1234567
20 1234567
17 1234567
21 1357
18 1234567
17 123467
18 127
18 1234567
17 1234567
16 1234567
17 123467
18 5
18 1234567
17 1234567
17 123467
18 5
16 1234567
18 1234567
17 123467
18 127
18 1234567
18 1234567
17 1234567
17 1234567
19 247
18 1234567
18 1234567
18 2346
19 15
18 12367
17 3
17 14
17 1234567
17 1234567
18 2346
19 15
18 12367
17 3
17 14
17 1234567
18 3567
19 123467
17 1234567
19 246
19 123467
17 1234567
19 123467
18 246
19 1234567
18 3567
19 7
18 2
18 567
18 23467
18 23467
19 7
18 2
18 567
17 127
19 6
19 7
18 7
18 12345
18 46
19 7
18 37
18 12456
18 1467
18 1234567
18 7
18 46
18 7
19 7
18 37
18 12456
18 1467
18 7
18 46
19 7
18 37
18 12456
18 1234567
19 1234567
18 1467
17 127
19 6
19 7
18 7
18 12345
19 1357
22 1234567
22 1234567
22 1234567
18 1234567
18 1234567
18 1234567
20 37
18 247
18 1234567
18 1234567
18 1234567
18 247
21 26
20 1
21 1234567
19 7
18 23457
19 1234567
19 1234567
19 1234567
17 6
17 12347
17 6
17 12347
19 7
19 1234567
19 7
18 23457
19 1234567
19 1234567
23 37
22 1245
23 37
22 1245
23 37
22 1245
23 37
22 1245
19 6
19 123457
19 1234567
19 6
19 123457
21 1357
19 1234567
19 7
18 1234567
20 1234567
19 1234567
20 1234567
19 1234567
19 7
18 1234567
22 136
23 457
23 2
21 1357
22 136
23 457
23 2
21 6
22 136
23 457
23 2
21 1357
17 13567
20 57
22 347
22 26
22 1
22 347
22 26
22 1
22 347
22 26
22 1
19 1234567
20 46
20 7
19 6
19 57
19 1234567
20 123456
19 1357
19 1234567
18 1234567
19 1357
20 46
20 7
19 6
19 57
21 1357
21 1234567
21 1234567
21 1357
20 134567
19 136
19 246
20 13
20 57
18 1234567
19 6
19 246
20 13
20 57
18 1234567
19 246
20 13
20 57
20 134567
20 134567
19 136
19 2467
19 7
18 23467
19 2467
19 1234567
19 2467
19 1234567
18 1357
18 23467
19 7
18 23467
18 123567
18 123567
18 123567
21 1234567
21 1234567
19 12
19 467
19 347
20 2367
20 12347
19 1234567
20 1234567
19 1234567
19 12
19 467
20 2367
20 12347
20 12347
20 2367
19 1234567
20 1234567
20 12347
19 12
19 467
19 347
18 1234567
19 1234567
20 1234567
20 1234567
20 1234567
20 1234567
19 1234567
20 13567
19 1234567
19 1234567
19 1234567
20 1234567
18 1346
19 257
20 1234567
18 1346
19 257
22 26
22 13457
22 26
22 13457
22 26
22 13457
19 134567
19 1234567
19 12346
20 57
19 134567
19 12346
20 57
19 12346
20 57
19 134567
23 123456
20 13467
21 1234567
21 1234567
20 13467
19 1234567
20 1234567
20 14567
20 1246
21 357
20 14567
20 1246
21 357
20 1234567
20 1246
21 357
20 1234567
20 1234567
19 1234567
19 3467
20 37
19 3467
21 2
21 46
20 1234567
20 1234567
21 2
21 46
21 2
21 46
20 1234567
20 1234567
20 1234567
0 1357
0 1357
0 246
20 1
20 367
20 7
20 1
19 12346
20 57
20 1
19 12346
20 57
20 1
20 1
20 367
20 7
21 1357
21 246
21 16
21 27
20 1234567
20 35
20 1234567
21 237
20 1234567
19 1246
20 357
21 1357
21 246
21 237
19 1246
20 357
21 237
20 1234567
21 246
20 35
21 1357
21 246
21 16
21 27
20 1234567
20 35
20 1234567
20 357
21 12467
20 35
20 357
20 14
20 23567
20 357
20 35
20 14
20 23567
20 357
21 12467
20 357
21 12467
20 35
23 1357
23 1357
20 1234567
20 27
21 246
21 1357
21 246
21 1357
21 1357
20 1234567
20 27
20 357
20 1
21 46
20 357
20 1
21 46
20 357
20 1
21 46
22 347
22 26
22 1
22 347
22 26
22 1
22 347
22 26
21 12467
20 3467
21 12467
19 6
21 12467
20 246
21 1234567
21 67
20 246
21 1234567
21 1234567
21 1234567
21 67
21 4
22 26
21 134567
21 134567
21 134567
21 4
22 26
21 123457
21 1
21 3
21 57
21 1
21 3
21 57
21 1
21 3
21 57
20 2467
22 1357
20 2467
22 1357
0 246
0 357
22 1234567
21 6
21 37
21 7
21 7
22 1234567
22 1234567
20 1357
20 7
22 1234567
21 6
21 37
0 1234567
20 135
20 1234567
22 1237
21 1234567
21 1234567
22 1237
22 1237
21 1234567
20 1234567
20 135
20 1234567
21 123467
21 5
21 1234567
21 123567
20 246
22 1234567
20 246
22 1234567
22 1234567
21 123467
21 5
21 1234567
21 1357
22 1234567
21 3
20 12357
21 246
23 1234567
23 1234567
21 6
21 123457
21 1357
21 1357
23 1234567
23 1234567
21 246
21 1357
21 1357
23 1234567
23 1234567
21 246
21 6
21 123457
22 1234567
22 1234567
20 12357
22 1234567
20 12357
0 1234567
23 37
21 1357
21 2
23 37
22 12456
21 267
21 7
21 2
23 37
22 12456
23 37
22 12456
21 1357
22 12357
22 1235
23 4
21 1234567
21 1234567
22 12357
22 12357
22 1235
23 4
0 1234567
0 1234567
0 1234567
23 1246
23 357
22 1234567
22 1234567
21 7
21 1234567
22 1234567
22 1234567
21 7
21 1234567
22 1234567
23 1246
23 357
22 1234567
23 1357
22 123457
22 123457
21 246
21 1357
22 7
22 1234567
22 1234567
23 457
23 457
23 1357
22 6
23 2
22 7
22 1234567
22 1234567
22 123457
21 246
21 1357
22 7
22 1234567
0 1234567
21 2347
21 134567
20 136
20 35
21 2347
23 6
23 7
22 134567
21 246
21 24
22 136
22 57
21 6
21 246
21 24
22 136
22 57
23 6
23 7
22 134567
23 2467
22 1234567
22 13567
22 12367
23 1234567
23 16
23 2467
22 1234567
22 1356
22 24
22 7
22 13567
23 16
23 2467
22 1234567
22 1356
22 24
22 7
22 13567
22 12367
23 1234567
23 12457
0 1234567
23 12457
23 246
22 1234567
21 3467
21 1234567
21 36
21 1234567
22 1234567
21 3467
21 36
22 12367
22 6
22 1247
22 267
0 24
0 357
23 16
23 16
22 13457
23 14567
22 12367
0 24
0 357
23 16
23 357
23 14567
22 13457
23 14567
23 14567
22 13457
22 12367
22 267
22 12367
22 6
22 1247
22 267
23 12367
23 7
23 236
22 1357
23 1234567
22 1357
21 246
22 1357
22 1357
23 12367
22 1234567
23 1246
22 1357
23 1234567
21 246
22 1357
23 1234567
22 1357
23 7
23 236
22 1357
22 1357
21 1234567
23 234567
23 134567
22 246
21 1234567
23 134567
23 234567
23 134567
23 234567
22 246
21 1234567
21 1234567
21 1234567
21 12357
21 12357
21 12357
22 1234567
21 1234567
22 1234567
0 1234567
22 1234567
0 1234567
22 1234567
22 1234567
21 1234567
22 1234567
23 247
22 1234567
23 247
23 1234567
23 1234567
23 247
23 1234567
22 1234567
22 1234567
23 57
22 6
22 12467
23 4
23 57
22 6
22 12467
23 4
22 1234567
23 234567
23 7
23 1234567
22 1234567
0 123456
22 1234567
0 123456
23 1234567
22 1234567
23 234567
23 7
23 1234567
22 1234567
23 6
23 1234567
23 1234567
22 367
23 6
0 246
23 246
23 1357
0 1234567
0 13
22 1234567
0 1267
0 123467
22 1357
22 1234567
0 1234567
22 1234567
0 1267
22 1357
0 123467
0 123467
23 1357
0 13
23 123457
22 127
22 1234567
23 1234567
23 1234567
23 1234567
23 123457
22 127
22 1234567
22 136
23 457
23 2
0 1234567
23 1257
23 1357
22 34567
22 136
23 457
23 2
0 1234567
22 136
23 457
23 2
0 1234567
23 1257
23 1357
22 34567
23 46
23 1
23 2347
23 7
23 2
23 1234567
23 2
23 123456
0 1234567
23 1234567
23 46
23 1
0 234567
0 167
0 367
0 7
23 123456
23 23456
23 246
23 123456
0 367
0 7
0 1234567
23 1237
0 2
0 46
0 345
0 1
0 345
0 1
0 24
0 37
23 1234567
0 4
0 4
0 1234567
22 47
0 1234567
23 1234567
23 1234567
1 1234567
0 1234567
22 47
0 1234567
23 1234567
23 1234567
0 2457
23 1
23 6
0 357
0 2457
23 1
0 1234567
22 47
0 1234567
23 1234567
23 1234567
1 1234567
0 1234567
22 47
0 1234567
23 1234567
23 1234567
0 2457
23 1
23 6
0 357
0 2457
23 1
23 6
0 2457
23 1
23 2347
23 7
0 67
0 3
23 1234567
23 12357
22 7
0 67
0 3
23 1234567
23 1234567
0 67
0 3
23 1234567
0 137
0 246
0 12467
23 1234567
0 67
0 3
0 1234567
23 1234567
0 5
0 24
0 37
23 1357
0 247
0 1234567
23 1357
0 247
0 1
0 24
0 37
0 247
0 1
0 24
0 37
0 1234567
23 1234567
0 5
0 24
0 37
23 1357
0 247
0 1234567
23 1357
0 247
0 1
0 24
0 37
0 247
0 1
0 24
0 37
0 1234567
23 1234567
0 5
0 1234567
23 6
0 6
0 137
0 1234567
0 1234567
0 7
0 1234567
0 47
0 1234567
0 7
0 357
23 6
23 6
0 6
0 137
0 1234567
0 1234567
0 1234567
0 1234567
0 1357
0 7
23 1234567
0 1234567
23 1234567
0 6
23 124
23 123456
0 1234567
23 1234567
0 6
23 124
0 257
0 346
0 1234567
0 1234567
0 1234567
23 24
0 1234567
0 1234567
0 7
0 6
0 1234567
0 1234567
23 24
0 5
23 12457
0 3
1 1234567
0 3
0 5
0 5
23 12457
1 357
23 12467
0 5
0 1234567
0 5
1 1234567
23 357
23 1246
1 4567
23 123567
23 24
0 5
23 12457
0 3
1 1234567
0 3
0 5
0 5
23 12457
1 357
23 12467
0 5
0 1234567
0 5
1 1234567
23 357
23 1246
1 4567
23 123567
0 1234567
0 7
0 1234567
0 13
1 1247
0 13
0 1234567
0 1234567
0 1234567
0 1357
0 1357
1 357
1 1234567
1 1234567
1 1234567
1 26
1 1234567
0 1234567
0 1246
0 1234567
0 1234567
0 1234567
0 1234567
0 357
0 1234567
0 6
0 7
1 1234567
0 7
0 1357
0 1234567
0 1357
0 1234567
0 1234567
1 1247
0 13
1 1234567
0 7
0 1234567
0 13
1 1247
0 13
0 1234567
0 1234567
0 1234567
0 1357
0 1357
1 357
1 1234567
1 1234567
1 1234567
1 26
1 1234567
